0,484
0,483
0,482
0,481
0,480
0,479
0,478
0,477
0,476
0,475
0,474
0,473
0,472
0,471
0,243
0,470
0,469
0,468
0,467
0,466
0,465
0,464
0,463
0,462
0,461
0,460
0,459
0,458
0,457
0,456
0,455
0,454
0,453
0,452
0,451
0,450
0,449
0,448
0,447
0,446
0,445
0,444
0,443
0,442
0,441
0,440
0,439
0,438
0,437
0,436
0,435
0,434
0,433
0,432
0,431
0,430
58,3
58,2
58,1
58,0
57,3
57,2
57,1
57,0
0,429
56,5
56,4
56,3
56,2
56,1
56,0
0,278
55,5
55,4
55,3
55,2
55,1
55,0
54,3
54,2
54,1
54,0
53,3
53,2
53,1
53,0
52,5
52,4
52,3
52,2
52,1
52,0
51,3
51,2
0,9
51,1
51,0
0,273
0,270
50,35
3,1
3,3
10,163
10,115
10,184
10,290
10,91
